#Rev: sensefly/geoinfo/3
fileName	latitude	longitude	altitude_wgs84
DSC06759.JPG	35.3257754770	139.8694494817	159.3149719238	
DSC06760.JPG	35.3257541974	139.8699797725	160.6331787109	
DSC06761.JPG	35.3257792331	139.8705257407	160.9014892578	
DSC06762.JPG	35.3257657662	139.8710359692	160.8266906738	
DSC06763.JPG	35.3257453226	139.8715526843	157.7729949951	
DSC06764.JPG	35.3257709286	139.8720538745	157.5314025879	
DSC06765.JPG	35.3257320666	139.8725536659	158.4138183594	
DSC06766.JPG	35.3257738246	139.8730239438	158.3835296631	
DSC06767.JPG	35.3257893214	139.8735309107	159.8161468506	
DSC06768.JPG	35.3257571843	139.8739993009	158.5902862549	
DSC06769.JPG	35.3257815967	139.8745336551	159.5591735840	
DSC06770.JPG	35.3257845172	139.8750600457	162.1737976074	
DSC06771.JPG	35.3257623231	139.8755379254	160.6126861572	
DSC06772.JPG	35.3257893852	139.8760625782	158.8585052490	
DSC06773.JPG	35.3257931981	139.8765454526	161.0512695312	
DSC06774.JPG	35.3257899724	139.8770273578	159.8830566406	
DSC06775.JPG	35.3257779092	139.8774989753	160.0276794434	
DSC06776.JPG	35.3257586848	139.8779902387	160.0936126709	
DSC06777.JPG	35.3257716362	139.8784886416	160.8848571777	
DSC06778.JPG	35.3257478805	139.8790120640	162.9258575439	
DSC06779.JPG	35.3257613824	139.8795323914	163.1313323975	
DSC06780.JPG	35.3257863536	139.8800526594	162.3357696533	
DSC06781.JPG	35.3257660205	139.8805462636	160.4997406006	
DSC06782.JPG	35.3257640209	139.8810369644	158.8049011230	
DSC06783.JPG	35.3257868075	139.8815636934	159.1291046143	
DSC06784.JPG	35.3257804715	139.8820706705	158.0934448242	
DSC06785.JPG	35.3257723006	139.8826130138	157.4438934326	
DSC06786.JPG	35.3257744526	139.8831471307	159.4201507568	
DSC06787.JPG	35.3257732440	139.8836536905	160.1606903076	
DSC06788.JPG	35.3257705462	139.8841328122	160.2678222656	
DSC06789.JPG	35.3257658182	139.8846185463	159.9311370850	
DSC06790.JPG	35.3257636310	139.8851086890	160.6519622803	
DSC06791.JPG	35.3257498168	139.8855651678	160.8671417236	
DSC06792.JPG	35.3257870982	139.8860815227	162.5009307861	
DSC06793.JPG	35.3257470757	139.8866798462	163.0296173096	
DSC06794.JPG	35.3263742015	139.8859507894	161.9571533203	
DSC06795.JPG	35.3263535845	139.8853637702	163.3908386230	
DSC06796.JPG	35.3263505259	139.8847807558	164.1237792969	
DSC06797.JPG	35.3263807809	139.8842822714	162.8047027588	
DSC06798.JPG	35.3263266113	139.8837900614	161.2121582031	
DSC06799.JPG	35.3263756784	139.8832547731	160.6082000732	
DSC06800.JPG	35.3263473587	139.8827275554	158.0285491943	
DSC06801.JPG	35.3263818988	139.8821623447	157.3157958984	
DSC06802.JPG	35.3263187753	139.8816579095	157.6414794922	
DSC06803.JPG	35.3263702231	139.8810770533	155.9265136719	
DSC06804.JPG	35.3263711726	139.8805248159	156.6675567627	
DSC06805.JPG	35.3263365737	139.8799832964	159.6756439209	
DSC06806.JPG	35.3263552169	139.8794509120	159.0028533936	
DSC06807.JPG	35.3263552618	139.8789072523	160.1440124512	
DSC06808.JPG	35.3263679914	139.8783908454	160.4111022949	
DSC06809.JPG	35.3263623035	139.8778669622	159.1909332275	
DSC06810.JPG	35.3263599487	139.8773794981	159.2145538330	
DSC06811.JPG	35.3263481988	139.8768857641	158.9814758301	
DSC06812.JPG	35.3263661961	139.8763994473	160.1149597168	
DSC06813.JPG	35.3263524223	139.8759063218	159.5059356689	
DSC06814.JPG	35.3263528346	139.8754251065	161.3510589600	
DSC06815.JPG	35.3263530517	139.8749299096	163.2771606445	
DSC06816.JPG	35.3263879593	139.8744852573	162.3881225586	
DSC06817.JPG	35.3263535859	139.8740104077	157.6563110352	
DSC06818.JPG	35.3263585112	139.8735080821	156.4581451416	
DSC06819.JPG	35.3263485739	139.8730561080	156.7996673584	
DSC06820.JPG	35.3263515876	139.8725792445	159.2192077637	
DSC06821.JPG	35.3263530233	139.8720962191	159.9727325439	
DSC06822.JPG	35.3263654175	139.8716427079	158.3829193115	
DSC06823.JPG	35.3263521426	139.8711403476	158.1047210693	
DSC06824.JPG	35.3263566506	139.8706564193	159.1887359619	
DSC06825.JPG	35.3263883716	139.8701452281	157.4098968506	
DSC06826.JPG	35.3263720504	139.8696523311	158.4521179199	
DSC06827.JPG	35.3263330439	139.8691769488	157.1800079346	
DSC06828.JPG	35.3269625855	139.8693744354	157.7274475098	
DSC06829.JPG	35.3269484491	139.8698184859	158.6109313965	
DSC06830.JPG	35.3269637963	139.8702863865	159.4408569336	
DSC06831.JPG	35.3269660346	139.8707770377	160.3781738281	
DSC06832.JPG	35.3269778195	139.8712482296	161.6298828125	
DSC06833.JPG	35.3269598019	139.8717305175	159.5953369141	
DSC06834.JPG	35.3269613173	139.8722397592	160.6519165039	
DSC06835.JPG	35.3269646808	139.8727616446	161.8215789795	
DSC06836.JPG	35.3269754189	139.8732229263	161.3175964355	
DSC06837.JPG	35.3269663089	139.8736959952	159.1506042480	
DSC06838.JPG	35.3269791803	139.8741579451	157.9404602051	
DSC06839.JPG	35.3269750014	139.8746198017	156.6821594238	
DSC06840.JPG	35.3269461370	139.8751087378	155.8387298584	
DSC06841.JPG	35.3269754172	139.8755804902	159.3835449219	
DSC06842.JPG	35.3269529741	139.8760712971	161.9631347656	
DSC06843.JPG	35.3269591568	139.8765057241	161.7636413574	
DSC06844.JPG	35.3269841010	139.8769571374	162.6297149658	
DSC06845.JPG	35.3269639936	139.8774022211	160.5931701660	
DSC06846.JPG	35.3270071418	139.8778426607	160.4651947021	
DSC06847.JPG	35.3269411419	139.8782673444	156.9114685059	
DSC06848.JPG	35.3269438572	139.8787447825	159.5666046143	
DSC06849.JPG	35.3269861130	139.8791661135	160.4556579590	
DSC06850.JPG	35.3269513028	139.8795934818	156.6624145508	
DSC06851.JPG	35.3269844587	139.8800771745	155.0687713623	
DSC06852.JPG	35.3269447936	139.8805395933	157.6518707275	
DSC06853.JPG	35.3269852973	139.8809827670	156.6870880127	
DSC06854.JPG	35.3269741558	139.8814603545	157.0570526123	
DSC06855.JPG	35.3269356950	139.8819520929	155.6763763428	
DSC06856.JPG	35.3269561677	139.8824191635	158.2311248779	
DSC06857.JPG	35.3269997844	139.8828610649	157.3493194580	
DSC06858.JPG	35.3269509458	139.8833460233	157.3186035156	
DSC06859.JPG	35.3269760908	139.8838036238	158.6495513916	
DSC06860.JPG	35.3269710915	139.8842678628	159.4750976562	
DSC06861.JPG	35.3269627699	139.8847475868	159.3073425293	
DSC06862.JPG	35.3269666624	139.8852278937	158.6528167725	
DSC06863.JPG	35.3269792976	139.8856954339	159.9491424561	
DSC06864.JPG	35.3269662854	139.8861647830	159.6525726318	
DSC06865.JPG	35.3269606785	139.8865987313	161.6821289062	
DSC06866.JPG	35.3275477146	139.8860259853	159.6062316895	
DSC06867.JPG	35.3275727122	139.8854890708	159.0502624512	
DSC06868.JPG	35.3275466214	139.8849472203	158.1184539795	
DSC06869.JPG	35.3275551199	139.8843690596	157.8216705322	
DSC06870.JPG	35.3275304636	139.8838481997	158.0033416748	
DSC06871.JPG	35.3275597393	139.8833244906	159.8948669434	
DSC06872.JPG	35.3275564920	139.8827965680	159.1963653564	
DSC06873.JPG	35.3275585469	139.8822699105	160.6716156006	
DSC06874.JPG	35.3275696714	139.8817483981	161.4220733643	
DSC06875.JPG	35.3275444046	139.8812297956	160.2212829590	
DSC06876.JPG	35.3275463964	139.8806771285	161.4779968262	
DSC06877.JPG	35.3275567906	139.8801252952	163.1798553467	
DSC06878.JPG	35.3275600156	139.8795357399	162.9969940186	
DSC06879.JPG	35.3275629376	139.8789719704	160.5453338623	
DSC06880.JPG	35.3275541290	139.8783341141	161.7930603027	
DSC06881.JPG	35.3275738242	139.8776958759	161.3868103027	
DSC06882.JPG	35.3275516615	139.8770776624	160.8816375732	
DSC06883.JPG	35.3275822028	139.8764350233	158.6122894287	
DSC06884.JPG	35.3275370359	139.8758518028	158.4339294434	
DSC06885.JPG	35.3275797887	139.8752442780	158.4080200195	
DSC06886.JPG	35.3275501473	139.8746757227	159.1694793701	
DSC06887.JPG	35.3275566859	139.8741086258	160.3644561768	
DSC06888.JPG	35.3275503388	139.8735337968	162.8011016846	
DSC06889.JPG	35.3275716421	139.8729427756	163.2716827393	
DSC06890.JPG	35.3276077492	139.8723727102	163.7575073242	
DSC06891.JPG	35.3275634523	139.8718889189	161.9329833984	
DSC06892.JPG	35.3275630075	139.8713384335	160.7344055176	
DSC06893.JPG	35.3275479690	139.8707614480	160.3013458252	
DSC06894.JPG	35.3275767168	139.8702094899	160.0216522217	
DSC06895.JPG	35.3275448438	139.8696968948	159.8596801758	
DSC06896.JPG	35.3275896544	139.8691728542	160.4742279053	
DSC06897.JPG	35.3281549850	139.8694033541	158.3532409668	
DSC06898.JPG	35.3281727647	139.8698432394	158.7243499756	
DSC06899.JPG	35.3281691687	139.8703360304	157.9600677490	
DSC06900.JPG	35.3281717596	139.8707761972	159.8035888672	
DSC06901.JPG	35.3281675683	139.8712402929	161.3481292725	
DSC06902.JPG	35.3281540952	139.8717395658	161.2244567871	
DSC06903.JPG	35.3281691718	139.8722539214	160.4169006348	
DSC06904.JPG	35.3281669237	139.8727291731	162.2751159668	
DSC06905.JPG	35.3281551835	139.8731860227	160.9940643311	
DSC06906.JPG	35.3282079820	139.8736226331	158.7533264160	
DSC06907.JPG	35.3281495462	139.8740850656	157.4350433350	
DSC06908.JPG	35.3281401472	139.8745201152	157.9154357910	
DSC06909.JPG	35.3281748297	139.8749338817	157.9700164795	
DSC06910.JPG	35.3281581781	139.8754067740	157.0084533691	
DSC06911.JPG	35.3281777488	139.8758437700	157.6086730957	
DSC06912.JPG	35.3281667552	139.8762827257	160.5171356201	
DSC06913.JPG	35.3281900396	139.8767294640	159.8011779785	
DSC06914.JPG	35.3281784812	139.8772107375	157.7335510254	
DSC06915.JPG	35.3281531884	139.8776676742	158.1865997314	
DSC06916.JPG	35.3281746776	139.8781239975	161.0211639404	
DSC06917.JPG	35.3281457182	139.8785933006	162.7830810547	
DSC06918.JPG	35.3281607955	139.8790276548	163.7548980713	
DSC06919.JPG	35.3281627235	139.8794711530	162.1936035156	
DSC06920.JPG	35.3281759937	139.8799820515	160.4366149902	
DSC06921.JPG	35.3281683306	139.8804192463	160.1746368408	
DSC06922.JPG	35.3281577676	139.8808907796	159.6588897705	
DSC06923.JPG	35.3281657537	139.8814090105	160.2116699219	
DSC06924.JPG	35.3281729996	139.8818937634	161.9974365234	
DSC06925.JPG	35.3281586419	139.8823505049	163.0198822021	
DSC06926.JPG	35.3282109475	139.8828185715	162.6163177490	
DSC06927.JPG	35.3281852111	139.8832600505	162.0256500244	
DSC06928.JPG	35.3281709678	139.8837170718	160.0048980713	
DSC06929.JPG	35.3281775983	139.8841333460	161.0917663574	
DSC06930.JPG	35.3281561413	139.8845733677	158.1195831299	
DSC06931.JPG	35.3281619941	139.8850118895	159.5603027344	
DSC06932.JPG	35.3281741620	139.8854452737	156.3021697998	
DSC06933.JPG	35.3281534762	139.8858814002	156.6564331055	
DSC06934.JPG	35.3281306755	139.8863326112	154.2506408691	
DSC06935.JPG	35.3287544003	139.8859669547	155.8134002686	
DSC06936.JPG	35.3287526468	139.8853975925	156.4986114502	
DSC06937.JPG	35.3287376767	139.8848141320	156.8286437988	
DSC06938.JPG	35.3287658299	139.8841802133	157.7676696777	
DSC06939.JPG	35.3287561624	139.8835548319	159.8206176758	
DSC06940.JPG	35.3287476532	139.8829612183	163.4128417969	
DSC06941.JPG	35.3287520159	139.8824523105	162.5004882812	
DSC06942.JPG	35.3288056995	139.8819405686	163.9812927246	
DSC06943.JPG	35.3287355367	139.8814354906	162.7621307373	
DSC06944.JPG	35.3287646140	139.8809007083	160.7601318359	
DSC06945.JPG	35.3287464359	139.8803542066	159.5885467529	
DSC06946.JPG	35.3287583986	139.8798335267	158.6847686768	
DSC06947.JPG	35.3287611559	139.8793504894	158.5915374756	
DSC06948.JPG	35.3287441050	139.8788711999	157.7322387695	
DSC06949.JPG	35.3287466365	139.8783575815	158.1198577881	
DSC06950.JPG	35.3287722635	139.8778548690	157.3321380615	
DSC06951.JPG	35.3287426686	139.8773413023	156.6406860352	
DSC06952.JPG	35.3287695298	139.8768642296	156.6477508545	
DSC06953.JPG	35.3287282848	139.8763470109	157.2923126221	
DSC06954.JPG	35.3287703407	139.8758234492	157.0962982178	
DSC06955.JPG	35.3287302429	139.8753541654	156.6152801514	
DSC06956.JPG	35.3287713461	139.8748215537	157.6684875488	
DSC06957.JPG	35.3287638124	139.8743515942	158.3217620850	
DSC06958.JPG	35.3287283585	139.8738852036	158.4419403076	
DSC06959.JPG	35.3287549303	139.8734053623	161.9892120361	
DSC06960.JPG	35.3287456780	139.8729481158	162.6219940186	
DSC06961.JPG	35.3287557009	139.8724912757	161.7522735596	
DSC06962.JPG	35.3287525801	139.8720077242	164.4548187256	
DSC06963.JPG	35.3287858363	139.8715225028	163.9885559082	
DSC06964.JPG	35.3287670789	139.8710252401	161.9485015869	
DSC06965.JPG	35.3287582851	139.8705120807	161.4802703857	
DSC06966.JPG	35.3287626013	139.8700105326	159.1443786621	
DSC06967.JPG	35.3287372930	139.8695081940	158.6322784424	
DSC06968.JPG	35.3287628074	139.8689654329	158.9931793213	
DSC06969.JPG	35.3293675559	139.8693930706	157.8143615723	
DSC06970.JPG	35.3293566145	139.8698867166	156.9273834229	
DSC06971.JPG	35.3293398623	139.8703524448	157.3948364258	
DSC06972.JPG	35.3293609927	139.8707998850	158.3070526123	
DSC06973.JPG	35.3293230386	139.8712477350	158.2701568604	
DSC06974.JPG	35.3293742813	139.8717048353	154.6400756836	
DSC06975.JPG	35.3293250857	139.8721696917	153.4966888428	
DSC06976.JPG	35.3293481192	139.8725854453	153.6757049561	
DSC06977.JPG	35.3293482928	139.8730403464	156.3181457520	
DSC06978.JPG	35.3293445857	139.8735269816	159.6100616455	
DSC06979.JPG	35.3293790033	139.8740150860	160.9628906250	
DSC06980.JPG	35.3293629844	139.8745011668	162.1859130859	
DSC06981.JPG	35.3293664263	139.8750029659	163.8938293457	
DSC06982.JPG	35.3293674634	139.8754956259	165.9164581299	
DSC06983.JPG	35.3293675416	139.8759623492	163.5056915283	
DSC06984.JPG	35.3293803419	139.8764403374	161.9424285889	
DSC06985.JPG	35.3293541778	139.8769311736	161.5129241943	
DSC06986.JPG	35.3293642435	139.8774000745	159.3273010254	
DSC06987.JPG	35.3293591859	139.8778729558	157.0476226807	
DSC06988.JPG	35.3293687851	139.8783224361	157.7513732910	
DSC06989.JPG	35.3293586188	139.8788079902	158.6833648682	
DSC06990.JPG	35.3293748662	139.8792139031	158.9241485596	
DSC06991.JPG	35.3293722908	139.8796817937	160.3910522461	
DSC06992.JPG	35.3293443814	139.8801389424	160.3952941895	
DSC06993.JPG	35.3293680660	139.8805973206	159.7672424316	
DSC06994.JPG	35.3293726150	139.8810585949	162.0599975586	
DSC06995.JPG	35.3293357822	139.8815355695	160.7788085938	
DSC06996.JPG	35.3293549914	139.8820422103	161.7865447998	
DSC06997.JPG	35.3293394684	139.8825307078	161.6396026611	
DSC06998.JPG	35.3293616153	139.8830135870	160.8303985596	
DSC06999.JPG	35.3293594563	139.8834861946	160.3893127441	
DSC07000.JPG	35.3293628528	139.8839197589	160.9763336182	
DSC07001.JPG	35.3293671506	139.8843657023	160.7717590332	
DSC07002.JPG	35.3293400838	139.8848118070	158.7056884766	
DSC07003.JPG	35.3293781265	139.8852481069	159.3780364990	
DSC07004.JPG	35.3293563064	139.8857162845	158.0991210938	
DSC07005.JPG	35.3293750129	139.8861676509	157.2946929932	
DSC07006.JPG	35.3299650946	139.8859643971	154.0896453857	
DSC07007.JPG	35.3299387413	139.8854207701	155.5950012207	
DSC07008.JPG	35.3299445449	139.8848359657	158.0575561523	
DSC07009.JPG	35.3299456893	139.8841998301	159.4507446289	
DSC07010.JPG	35.3299463597	139.8836243833	160.8092498779	
DSC07011.JPG	35.3299642991	139.8830419995	161.9605407715	
DSC07012.JPG	35.3299282574	139.8824817660	165.8784179688	
DSC07013.JPG	35.3299441495	139.8819386662	162.4771270752	
DSC07014.JPG	35.3299516206	139.8814297484	160.9438171387	
DSC07015.JPG	35.3299402657	139.8809258166	161.0630493164	
DSC07016.JPG	35.3299700737	139.8804510767	160.0397338867	
DSC07017.JPG	35.3299386049	139.8799591522	158.5802459717	
DSC07018.JPG	35.3299536537	139.8794649641	159.3488311768	
DSC07019.JPG	35.3299320709	139.8789970924	158.5693054199	
DSC07020.JPG	35.3299640197	139.8785011460	156.7551879883	
DSC07021.JPG	35.3299436994	139.8779868248	158.2776947021	
DSC07022.JPG	35.3299685483	139.8775094895	158.5049438477	
DSC07023.JPG	35.3299349563	139.8770359602	157.6423339844	
DSC07024.JPG	35.3299732647	139.8765544946	157.0532379150	
DSC07025.JPG	35.3299492233	139.8760838747	157.8512115479	
DSC07026.JPG	35.3299632763	139.8755880611	157.6505737305	
DSC07027.JPG	35.3299542888	139.8750841751	157.1638641357	
DSC07028.JPG	35.3299670822	139.8745503541	157.4053192139	
DSC07029.JPG	35.3299486155	139.8740515225	157.0413665771	
DSC07030.JPG	35.3299435026	139.8735447424	158.5761871338	
DSC07031.JPG	35.3299533000	139.8730459476	158.5578918457	
DSC07032.JPG	35.3299523827	139.8725319300	158.1166381836	
DSC07033.JPG	35.3299481903	139.8720272410	157.3222656250	
DSC07034.JPG	35.3299593866	139.8714746223	156.0381927490	
DSC07035.JPG	35.3299420092	139.8709286238	157.6197357178	
DSC07036.JPG	35.3299655682	139.8703567935	158.9229431152	
DSC07037.JPG	35.3299621386	139.8697884401	160.1961975098	
DSC07038.JPG	35.3299520769	139.8691795893	161.5308837891	
DSC07039.JPG	35.3305695745	139.8692596356	161.1463317871	
DSC07040.JPG	35.3305572953	139.8697029960	160.2541656494	
DSC07041.JPG	35.3305630960	139.8701292624	159.1566009521	
DSC07042.JPG	35.3305335660	139.8705951732	159.2371673584	
DSC07043.JPG	35.3305603378	139.8710460410	156.5877075195	
DSC07044.JPG	35.3305530017	139.8715093166	159.5845336914	
DSC07045.JPG	35.3305617566	139.8719599642	158.7595977783	
DSC07046.JPG	35.3305691572	139.8724301968	160.6435852051	
DSC07047.JPG	35.3305537927	139.8728680515	160.8375549316	
DSC07048.JPG	35.3305495595	139.8733410957	160.0949096680	
DSC07049.JPG	35.3305322702	139.8737942795	159.7836761475	
DSC07050.JPG	35.3305620854	139.8742365600	159.5441741943	
DSC07051.JPG	35.3305431050	139.8746891336	159.3836212158	
DSC07052.JPG	35.3305796653	139.8751676734	158.6196136475	
DSC07053.JPG	35.3305638507	139.8756016561	157.5829010010	
DSC07054.JPG	35.3305555241	139.8760734972	155.0311584473	
DSC07055.JPG	35.3305698688	139.8765040248	156.8739929199	
DSC07056.JPG	35.3305580978	139.8769689865	157.2624511719	
DSC07057.JPG	35.3305654166	139.8774555641	160.7656097412	
DSC07058.JPG	35.3305236684	139.8779029867	161.6511077881	
DSC07059.JPG	35.3305699292	139.8783856491	162.8768310547	
DSC07060.JPG	35.3305590147	139.8788262002	164.1147308350	
DSC07061.JPG	35.3305574419	139.8793129806	165.5753173828	
DSC07062.JPG	35.3305518882	139.8798225523	166.0279998779	
DSC07063.JPG	35.3305597969	139.8803105005	165.1879577637	
DSC07064.JPG	35.3305880265	139.8807869754	164.4336395264	
DSC07065.JPG	35.3305429951	139.8812552975	162.4008331299	
DSC07066.JPG	35.3305637463	139.8817191470	161.8878326416	
DSC07067.JPG	35.3305471530	139.8821969450	160.7779388428	
DSC07068.JPG	35.3305732435	139.8826566707	159.8852844238	
DSC07069.JPG	35.3305610892	139.8830931976	158.2448577881	
DSC07070.JPG	35.3305596114	139.8835719160	159.5830993652	
DSC07071.JPG	35.3305672842	139.8840239471	158.0750274658	
DSC07072.JPG	35.3305686942	139.8844847210	157.1856689453	
DSC07073.JPG	35.3305487198	139.8849406474	157.2290954590	
DSC07074.JPG	35.3305788376	139.8853985404	158.0311126709	
DSC07075.JPG	35.3305759416	139.8858644331	159.9361572266	
DSC07076.JPG	35.3305603578	139.8863397889	158.4481506348	
DSC07077.JPG	35.3311637984	139.8860119565	157.1585540771	
DSC07078.JPG	35.3311471381	139.8854465172	159.3268432617	
DSC07079.JPG	35.3311488461	139.8848746371	161.2755126953	
DSC07080.JPG	35.3311573991	139.8843196956	160.0071411133	
DSC07081.JPG	35.3311337060	139.8838191261	159.1637268066	
DSC07082.JPG	35.3311587747	139.8832998280	157.4112548828	
DSC07083.JPG	35.3311485996	139.8827713179	156.7837677002	
DSC07084.JPG	35.3311535128	139.8822144877	157.4441070557	
DSC07085.JPG	35.3311454371	139.8816469786	157.5081176758	
DSC07086.JPG	35.3311432145	139.8810781088	158.4374237061	
DSC07087.JPG	35.3311539980	139.8805064553	160.4844207764	
DSC07088.JPG	35.3311326554	139.8799236424	162.4443511963	
DSC07089.JPG	35.3311607942	139.8793555795	163.6629028320	
DSC07090.JPG	35.3311546823	139.8788329979	163.2581787109	
DSC07091.JPG	35.3311696433	139.8782990674	163.9311981201	
DSC07092.JPG	35.3311603532	139.8778235800	163.7093811035	
DSC07093.JPG	35.3311532304	139.8773160932	160.4906768799	
DSC07094.JPG	35.3311514059	139.8768337475	158.2155456543	
DSC07095.JPG	35.3311503325	139.8763298176	157.8370666504	
DSC07096.JPG	35.3311509060	139.8758628637	157.8334960938	
DSC07097.JPG	35.3311017372	139.8754021531	156.9984130859	
DSC07098.JPG	35.3311496716	139.8748801226	156.0699310303	
DSC07099.JPG	35.3311540189	139.8743990372	157.2152252197	
DSC07100.JPG	35.3311492058	139.8739142515	157.7851562500	
DSC07101.JPG	35.3311421418	139.8734367641	157.8254547119	
DSC07102.JPG	35.3311490231	139.8729277149	158.2530364990	
DSC07103.JPG	35.3311684916	139.8723940677	157.9248809814	
DSC07104.JPG	35.3311512815	139.8718637716	159.4946136475	
DSC07105.JPG	35.3311616792	139.8713285632	159.5981292725	
DSC07106.JPG	35.3311217050	139.8708207782	159.6301879883	
DSC07107.JPG	35.3311675561	139.8702665409	158.4156494141	
DSC07108.JPG	35.3311500732	139.8697206634	158.0877380371	
DSC07109.JPG	35.3311549569	139.8691614448	157.7996520996	
DSC07110.JPG	35.3317577460	139.8692357963	158.6552886963	
DSC07111.JPG	35.3317591443	139.8697096710	156.9159851074	
DSC07112.JPG	35.3317478126	139.8701828031	160.5112915039	
DSC07113.JPG	35.3317605432	139.8706184051	162.2177276611	
DSC07114.JPG	35.3317433452	139.8710935225	160.4636688232	
DSC07115.JPG	35.3317452824	139.8715451059	161.4623565674	
DSC07116.JPG	35.3317512763	139.8720191507	162.3958435059	
DSC07117.JPG	35.3317442256	139.8725048525	162.2720489502	
DSC07118.JPG	35.3317445065	139.8729916083	160.5891876221	
DSC07119.JPG	35.3317796215	139.8734757988	159.7491760254	
DSC07120.JPG	35.3317643629	139.8739279395	160.4303588867	
DSC07121.JPG	35.3317196179	139.8743971295	159.3343658447	
DSC07122.JPG	35.3317477431	139.8748690113	159.2261657715	
DSC07123.JPG	35.3317716991	139.8753648170	158.2218627930	
DSC07124.JPG	35.3317351426	139.8758734256	157.2108306885	
DSC07125.JPG	35.3317724050	139.8763604559	157.5453796387	
DSC07126.JPG	35.3317542938	139.8768339278	160.6151733398	
DSC07127.JPG	35.3317656994	139.8773122076	163.9482116699	
DSC07128.JPG	35.3317279352	139.8777793055	164.2131195068	
DSC07129.JPG	35.3317626315	139.8782150549	162.6931610107	
DSC07130.JPG	35.3317755832	139.8786654455	158.0733184814	
DSC07131.JPG	35.3317578146	139.8791205172	156.4364318848	
DSC07132.JPG	35.3317759247	139.8795779038	157.7287597656	
DSC07133.JPG	35.3323740600	139.8789234022	158.1801605225	
DSC07134.JPG	35.3323344683	139.8783593112	158.7301788330	
DSC07135.JPG	35.3323372353	139.8777731390	158.6622772217	
DSC07136.JPG	35.3323478402	139.8771894507	158.6145782471	
DSC07137.JPG	35.3323274717	139.8766258880	158.9726715088	
DSC07138.JPG	35.3323568280	139.8760201263	160.5392150879	
DSC07139.JPG	35.3323388982	139.8754712286	160.7764129639	
DSC07140.JPG	35.3323516558	139.8749245253	159.6083679199	
DSC07141.JPG	35.3323543871	139.8743910251	158.9316101074	
DSC07142.JPG	35.3323478924	139.8738450003	157.6817626953	
DSC07143.JPG	35.3323483813	139.8732548258	158.2744903564	
DSC07144.JPG	35.3323283142	139.8726925499	158.1548919678	
